image: 19.pgm
resolution: 0.300000
origin: [-29.100000, -9.900000, 0.000000]
negate: 0
occupied_thresh: 0.65
free_thresh: 0.196

